4.24084006800310e-8
3.11832346288866e-8
2.42100711914120e-8
1.94664503262208e-8
1.62787318555735e-8
1.42114503256997e-8
1.29217279474211e-8
1.21649392161886e-8
1.17779260362024e-8
1.16536884256436e-8
1.17211949154970e-8
1.19320519049901e-8
1.22522604605620e-8
1.26572006252177e-8
1.31285541076536e-8
1.36523728529070e-8
1.42178283758146e-8
1.48163739094682e-8
1.54411653327856e-8
1.60866510225964e-8
1.67482764377172e-8
1.74222691129882e-8
1.81054811248012e-8
1.87952729795653e-8
1.94894273518837e-8
2.01860842033031e-8
2.08836910663771e-8
2.15809639560086e-8
2.22768556304581e-8
2.29705288734671e-8
2.36613331821549e-8
