8.66000000000000e-8
8.66000000000000e-8
8.66000000000000e-8
8.65999999990807e-8
8.65999750865422e-8
8.65587236959567e-8
7.92410622625927e-8
3.66241423224874e-8
9.03515206010143e-9
1.56375438923765e-9
4.18755043248840e-10
1.77350597372602e-10
1.08358997365505e-10
8.80697548589705e-11
8.93422775621835e-11
1.07733881400401e-10
1.49013431552193e-10
2.29668363228366e-10
3.53180591869880e-10
3.55495646665031e-10
2.73268640441637e-10
2.29959600590874e-10
2.19243981981492e-10
2.32613590349096e-10
2.69519027623639e-10
3.35689995392946e-10
4.43581151916955e-10
6.14946112145987e-10
8.85666721211320e-10
1.31329761203388e-9
1.98739987535249e-9
